-2.805403 0.479090 
-2.863374 0.540135 
-1.844841 0.982728 
-1.289484 1.021271 
-1.056815 0.487639 
-2.501126 0.756141 
-1.911449 1.019807 
-1.581537 0.869920 
-0.720413 0.582003 
-1.753419 1.028924 
-3.226036 0.376703 
-0.830811 0.648587 
-1.722402 1.106632 
-2.672863 0.794693 
-2.847717 0.756129 
-0.563281 -0.023827 
-1.184803 0.874031 
-1.220287 0.786713 
-0.613006 0.205883 
-1.713440 1.177823 
-1.052451 0.605225 
-2.303558 1.051374 
-3.031276 0.514575 
-0.822556 0.369971 
-3.050420 0.222452 
-1.882708 1.116186 
-3.190568 0.125016 
-1.354910 0.832575 
-0.831847 0.685312 
-1.440014 0.941650 
-0.771210 0.547056 
-1.366772 0.908721 
-1.776958 0.938077 
-0.664734 0.065545 
-3.133739 -0.048659 
-3.214103 0.190118 
-2.437859 0.750204 
-0.607304 0.264297 
-1.648447 0.997196 
-1.849045 0.931083 
-1.695250 0.911766 
-1.529891 0.964672 
-1.157775 0.584040 
-3.117167 -0.121728 
-1.264401 0.737662 
-2.391898 0.922031 
-2.372596 0.901214 
-2.580045 0.766484 
-0.843531 0.537574 
-3.092102 0.376139 
-0.579620 -0.012310 
-1.006603 0.584809 
-1.812308 1.063596 
-2.654008 0.853774 
-2.560416 0.762489 
-0.728985 0.140830 
-3.338368 -0.103219 
-2.355774 0.770053 
-0.974707 0.592792 
-0.609583 0.030273 
-3.205454 -0.206699 
-1.130266 0.895766 
-0.501454 0.098663 
-2.148897 0.862322 
-3.258373 0.204300 
-1.638876 0.867822 
-0.429883 -0.019549 
-1.301780 0.793057 
-0.657928 -0.212608 
-2.509609 0.899367 
-2.546523 0.976473 
-2.031741 1.095768 
-0.714628 -0.263359 
-0.621818 0.226759 
-2.540907 0.821444 
-2.670921 0.612224 
-1.104252 0.823317 
-0.642519 -0.115330 
-0.504415 0.217265 
-1.168050 0.861128 
-0.808838 0.314307 
-2.522680 0.719809 
-2.613465 0.714320 
-1.376798 0.967391 
-2.248514 1.050419 
-2.979662 0.719253 
-3.155948 -0.276873 
-1.415893 0.941645 
-0.799849 0.547540 
-1.728409 0.935572 
-0.939499 0.479452 
-3.132253 -0.182083 
-1.372216 0.788755 
-0.852633 0.484803 
-1.074762 0.766920 
-2.866331 0.392610 
-1.170178 0.610584 
-1.826611 1.044998 
-0.606554 0.174109 
-0.596870 -0.214353 
-0.624781 0.253807 
-2.904954 0.782152 
-2.337466 0.926385 
-2.784239 0.528311 
-3.194713 -0.270632 
-0.724681 0.337889 
-1.159143 0.729323 
-0.544536 -0.175340 
-1.644931 1.040722 
-1.486347 1.035379 
-3.006477 0.299496 
-2.591073 0.892651 
-2.972775 0.558718 
-3.239550 -0.173207 
-3.186085 0.240406 
-2.580227 0.885964 
-0.765298 0.069973 
-3.324843 -0.190716 
-0.680585 -0.189829 
-2.624417 0.717995 
-0.663089 0.133687 
-1.115822 0.749855 
-1.490639 0.823360 
-0.539488 0.020990 
-0.599280 -0.274876 
-3.112075 -0.219753 
-2.103763 0.930857 
-2.903793 0.462889 
-1.611691 0.985077 
-3.043656 0.404706 
-2.970203 0.651898 
-0.880406 0.618371 
-2.176139 0.929849 
-2.886562 0.499488 
-1.101591 0.751378 
-3.018918 0.076383 
-1.958615 0.932117 
-1.502937 0.936770 
-0.608348 0.170022 
-0.641699 0.399367 
-3.365333 -0.250157 
-2.912273 0.519306 
-0.643141 -0.241483 
-2.962488 0.743334 
-0.854353 0.368477 
-2.987919 0.399883 
-2.465225 0.779705 
-3.266081 0.152200 
-2.691189 0.889493 
-2.586876 0.988766 
-1.892336 0.934041 
-1.093043 0.898282 
-1.143375 0.807275 
-1.082853 0.576172 
-1.772406 0.879820 
-0.696804 -0.085140 
-2.177288 1.048314 
-0.764033 0.258456 
-2.250477 1.127167 
-1.787466 1.173718 
-0.428856 -0.210341 
-0.837664 0.202858 
-3.162296 0.094801 
-0.588959 -0.085626 
-2.599914 0.908320 
-1.353811 0.754431 
-2.505555 0.800082 
-2.657057 0.730840 
-0.728952 -0.207461 
-1.927463 0.858228 
-0.745689 0.431861 
-0.660641 0.013921 
-1.647959 0.912156 
-2.991615 0.499492 
-2.932825 0.688618 
-0.701671 0.090914 
-0.702151 0.527987 
-0.629003 -0.259158 
-1.171258 0.999000 
-1.763942 1.050049 
-0.886247 0.748004 
-0.882441 0.342899 
-2.807634 0.605376 
-0.778620 0.132071 
-2.718011 0.706900 
-0.925181 0.550149 
-3.292352 -0.059801 
-2.242873 0.999635 
-2.677355 0.680360 
-2.962194 0.531585 
-1.939038 0.925746 
-3.100386 -0.048371 
-3.290717 0.175610 
-2.726470 0.918570 
-2.558006 0.755274 
-2.420575 0.754724 
-0.930908 0.321366 
-1.953998 0.975604 
-0.631006 -0.139536 
-1.935542 0.917922 
-2.668384 0.880199 
-0.584570 -0.246048 
-0.523981 -0.235342 
-2.375945 0.805667 
-0.554822 0.336244 
-3.183906 0.013599 
-0.723178 0.549354 
-0.750395 0.422259 
-2.518952 1.007044 
-1.231871 0.743707 
-2.089832 1.165783 
-1.060643 0.942312 
-1.506805 0.911847 
-2.445341 0.884392 
-0.757742 0.522609 
-1.021340 0.645778 
-1.266233 0.684205 
-1.093995 0.768214 
-3.361930 -0.161682 
-1.534326 0.940389 
-2.245465 1.116077 
-2.786399 0.573170 
-3.258076 0.216290 
-0.856219 0.547739 
-1.955746 1.104869 
-1.249519 0.713141 
-1.683252 1.140571 
-0.865937 0.208999 
-0.514846 0.227714 
-1.900057 1.197661 
-2.966463 0.290693 
-3.149611 0.091737 
-3.110113 0.479238 
-1.706830 0.838228 
-2.770773 0.778333 
-1.011367 0.489903 
-2.942117 0.293873 
-0.909868 0.457715 
-0.812444 0.266205 
-2.334510 0.986902 
-0.415353 -0.201576 
-3.362009 0.033076 
-0.792232 0.531928 
-0.966177 0.543629 
-3.065485 0.605639 
-1.392949 0.807841 
-1.456749 0.858149 
-0.946976 0.774896 
-0.535387 -0.003183 
-3.039860 0.412315 
-1.951992 1.163840 
-0.746394 -0.122637 
-3.115685 0.513653 
-1.782977 1.146829 
-3.299412 -0.121080 
-2.259825 0.797649 
-0.426990 -0.152152 
-2.893724 0.776914 
-0.624408 -0.040451 
-0.704774 -0.295745 
-0.688247 0.012675 
-1.766740 1.054554 
-3.073297 -0.189479 
-1.042759 0.877100 
-0.688354 0.262782 
-2.738138 0.682913 
-1.134169 0.702980 
-0.583703 -0.015251 
-0.734680 0.400596 
-1.505160 1.091341 
-0.868086 0.477595 
-0.692078 0.082629 
-0.634051 0.321910 
-1.823558 0.905413 
-3.310976 0.034471 
-1.655365 0.916009 
-3.129835 0.474987 
-1.121372 0.714580 
-2.210476 0.982551 
-1.002845 0.804273 
-2.718468 0.649299 
-0.954304 0.611669 
-2.599242 0.915991 
-1.856103 0.914440 
-2.414415 0.934970 
-3.240939 -0.167056 
-0.634888 0.454074 
-0.676816 0.385574 
-2.913293 0.753854 
-0.801622 0.266352 
-1.666767 1.167509 
-1.653644 0.959571 
-2.661850 0.835998 
-2.964730 0.219011 
-0.491923 -0.060415 
-3.038601 0.195362 
-2.817071 0.507855 
-0.711632 0.349554 
-2.659808 0.828884 
-2.644422 0.752358 
-3.307077 -0.115525 
-1.210098 0.725421 
-0.457816 0.037777 
-0.450398 -0.074587 
-2.505710 0.737197 
-1.488840 0.795498 
-1.992681 0.885967 
-1.121885 0.649427 
-3.187360 0.453528 
-3.084014 -0.202915 
-1.983424 0.906833 
-2.850634 0.531738 
-0.772414 0.215691 
-2.848465 0.375876 
-3.042411 -0.121954 
-1.100140 0.821026 
-2.089384 0.991231 
-2.191676 0.859858 
-2.612376 0.900721 
-1.400792 0.774788 
-1.943263 1.003543 
-3.038274 0.178577 
-1.666950 0.920484 
-3.089658 0.099229 
-1.082161 0.748437 
-0.693324 0.053150 
-1.134681 0.783793 
-1.494850 0.785016 
-0.992003 0.764080 
-2.771966 0.744404 
-0.612621 0.320171 
-2.031325 1.183235 
-3.111802 0.193665 
-1.149759 0.946301 
-0.791791 0.490332 
-0.805485 0.329397 
-1.464275 1.076516 
-1.590634 0.858433 
-1.724646 1.083935 
-3.306111 -0.254022 
-1.155528 0.680395 
-2.309760 0.845066 
-3.181881 0.251596 
-2.542624 0.810814 
-3.238150 -0.163064 
-1.824308 1.141179 
-3.361420 -0.141718 
-1.560577 1.016960 
-0.978221 0.447631 
-0.809790 0.419140 
-2.920018 0.670682 
-1.002705 0.638198 
-0.948744 0.837500 
-2.319377 1.118696 
-1.929238 1.121578 
-0.652029 -0.030271 
-3.070886 -0.262579 
-0.713908 0.596040 
-0.994818 0.827996 
-2.690701 0.790149 
-0.778980 0.645935 
-3.010088 0.660834 
-0.579186 0.008876 
-0.770972 0.591030 
-0.903164 0.721854 
-3.165317 0.178280 
-2.195982 0.901565 
-0.699911 0.382407 
-1.321919 0.936452 
-2.771304 0.808340 
-3.220502 0.277619 
-1.830389 1.111386 
-1.419178 0.961432 
-3.067551 0.555655 
-2.340506 0.970224 
-2.543089 0.921820 
-0.634969 -0.081688 
-2.486135 0.876133 
-1.893769 0.954180 
-2.037000 1.003200 
-1.995393 1.168839 
-3.232565 -0.197790 
-2.209150 1.005885 
-3.277061 0.283435 
-1.985910 1.042013 
-3.056271 0.615792 
-0.746257 0.609035 
-2.835366 0.435210 
-0.707809 -0.229084 
-1.962798 1.067869 
-3.369646 -0.018603 
-0.985382 0.755032 
-1.530086 0.971679 
-3.057476 0.173999 
-1.967086 1.037826 
-1.269717 0.699422 
-1.098334 0.755928 
-0.664035 0.249653 
-0.900732 0.555934 
-1.728686 0.921093 
-0.603686 0.412606 
-2.936046 0.507996 
-3.222325 0.403654 
-0.854035 0.247366 
-1.389926 0.894704 
-2.182247 1.142572 
-0.685431 -0.191204 
-0.881031 0.782511 
-2.536648 0.994322 
-0.695477 0.478370 
-3.075008 0.127774 
-2.614209 0.994106 
-0.824833 0.695326 
-1.421922 1.110568 
-0.520192 -0.215322 
-2.818884 0.574330 
-1.997488 0.918606 
-2.066772 1.172526 
-0.761802 0.475412 
-2.678043 0.666266 
-3.351520 0.064971 
-1.333777 0.822016 
-3.132942 0.525934 
-1.555813 0.998266 
-2.757319 0.611532 
-3.364270 -0.178796 
-1.037543 0.733025 
-1.142777 0.828895 
-1.243707 0.946532 
-2.971715 0.171581 
-1.409441 0.789496 
-0.605899 -0.182706 
-0.918164 0.357038 
-2.280679 0.935873 
-1.927331 1.021794 
-0.858724 0.592153 
-2.324743 0.822491 
-2.410117 0.937670 
-1.324100 0.718096 
-0.597787 -0.103641 
-2.824258 0.607040 
-1.880413 0.945843 
-2.172288 1.018874 
-1.328889 0.997778 
-1.339856 0.950712 
-3.307210 0.152580 
-0.471175 -0.006015 
-0.963840 0.527624 
-1.551662 0.898448 
-2.538066 0.874000 
-2.486705 1.044319 
-2.792135 0.474330 
-2.923474 0.440405 
-2.859899 0.687966 
-0.851208 0.508145 
-0.579581 0.088697 
-0.731384 0.184322 
-1.590133 1.055217 
-1.777441 1.139738 
-0.632650 0.167251 
-0.903221 0.707683 
-0.746265 0.397621 
-3.328300 0.048438 
-1.709036 0.987024 
-2.643050 0.861224 
-3.285621 0.268009 
-0.951795 0.435442 
-0.724297 -0.194134 
-0.497577 -0.273979 
-3.041766 -0.015991 
-1.066386 0.826316 
-3.120829 0.198947 
-2.852806 0.393142 
-0.785141 0.627503 
-1.067448 0.833775 
-1.953931 1.023116 
-0.620589 0.482882 
-1.871630 1.099487 
-0.494134 -0.096120 
-1.235672 0.948676 
-3.072751 0.507736 
-2.584191 0.904754 
-1.326769 1.046793 
-2.936627 0.566066 
-0.826731 0.310935 
-3.072271 -0.299064 
-1.163690 0.713823 
-2.613374 0.818196 
-1.528336 1.140993 
-2.050470 0.910037 
-0.687484 0.191074 
-0.852399 0.724072 
-0.781495 0.218716 
-0.817563 0.280295 
-0.712268 -0.228316 
-0.591237 0.198164 
-1.866634 1.175833 
-0.633493 -0.256314 
-0.628298 0.306087 
-2.816302 0.399786 
1.351678 -0.442217 
-1.088515 -1.026552 
1.045225 -0.998472 
0.980179 -0.692945 
1.006940 -0.864976 
1.213139 -0.286126 
-1.015548 -1.086420 
-1.321881 -0.299018 
1.381589 -0.012717 
-1.297866 -0.546338 
0.359661 -1.220564 
-0.056614 -1.472881 
1.157005 -0.307432 
-0.915749 -0.842209 
-0.516938 -1.203984 
-0.456049 -1.213578 
1.184984 -0.903348 
-1.200493 -0.449453 
-0.424897 -1.426447 
0.514502 -1.094097 
0.006558 -1.326021 
-1.204802 -0.500378 
0.429645 -1.209026 
-1.118147 -0.517395 
-0.792349 -1.140985 
-0.410299 -1.276374 
-0.333358 -1.253504 
-0.811385 -1.260958 
-0.225206 -1.461193 
0.282863 -1.378066 
1.356686 -0.171726 
-0.663066 -1.254043 
1.262074 -0.414293 
-1.377804 -0.044481 
1.382886 -0.166689 
0.247620 -1.153362 
1.202823 -0.592414 
-0.306118 -1.243662 
-0.327732 -1.211968 
-0.710613 -0.957215 
-0.843614 -1.037210 
1.021063 -0.879501 
1.047317 -0.812676 
-0.028611 -1.201896 
0.102288 -1.371226 
0.222289 -1.321226 
-0.920607 -1.058140 
0.119215 -1.371196 
1.197892 -0.769081 
1.283393 -0.728000 
1.238817 -0.674023 
-1.172494 -0.442348 
-1.087421 -0.602967 
-1.233929 -0.132582 
-1.045636 -0.690414 
-1.171370 -0.556575 
0.718106 -1.142319 
0.768544 -0.954437 
1.310776 -0.149293 
1.178892 -0.146587 
0.190939 -1.271961 
-0.885542 -1.182861 
1.291516 -0.100926 
0.448288 -1.386617 
-1.194227 -0.060194 
1.335771 -0.634785 
0.339276 -1.454453 
0.327203 -1.350574 
0.769112 -1.268790 
0.270000 -1.199803 
-1.198900 -0.862774 
1.150171 -0.298372 
1.427176 -0.147244 
1.273311 -0.510468 
0.749152 -0.938995 
1.166402 -0.279319 
-0.377574 -1.402316 
-1.048092 -0.927886 
0.914146 -0.774066 
-1.410639 -0.159806 
1.141245 -0.315632 
-1.264895 -0.352140 
1.334568 -0.380013 
-0.055161 -1.265942 
0.681203 -1.224247 
-0.432868 -1.239326 
-0.902628 -1.156663 
-0.805345 -1.065755 
-1.216953 -0.074252 
-0.534929 -1.268700 
1.246806 -0.143244 
0.300674 -1.135543 
-1.207813 -0.483779 
0.454761 -1.265353 
-0.455998 -1.145505 
0.967222 -0.633095 
0.157123 -1.262277 
-0.419621 -1.104308 
0.212706 -1.353828 
-0.125919 -1.358963 
-0.098625 -1.366962 
-1.307313 -0.093935 
0.282375 -1.305692 
0.136320 -1.399905 
0.573395 -1.376218 
-1.098690 -0.741135 
-0.191725 -1.452396 
-1.151363 -0.898744 
1.158726 -0.351400 
1.353531 -0.473465 
0.895148 -0.952986 
-0.457769 -1.290541 
0.864549 -1.172840 
-1.271691 -0.220257 
-1.354795 -0.142621 
-0.386155 -1.416699 
-1.486585 -0.064649 
1.451719 -0.062858 
-1.140594 -0.199532 
0.398433 -1.333697 
-1.215709 -0.429844 
-0.707416 -1.249869 
-1.448318 -0.364137 
-0.849699 -1.068444 
-1.298820 -0.430809 
1.052359 -0.953728 
0.771543 -0.941764 
-1.413848 -0.154834 
-0.693593 -1.115449 
1.412334 -0.043996 
0.461711 -1.301446 
0.263894 -1.414625 
1.248794 -0.344376 
0.516384 -1.314059 
-0.282909 -1.255312 
-1.274044 -0.186531 
0.136126 -1.406994 
-0.657287 -1.174959 
0.487530 -1.376348 
0.030814 -1.366041 
0.528662 -1.335073 
-0.517465 -1.153319 
1.168140 -0.093641 
-0.557948 -1.102204 
-1.428763 -0.391962 
0.975307 -0.851186 
-0.809203 -1.129601 
0.317382 -1.293348 
-0.040869 -1.348615 
-0.761269 -1.207134 
-0.014631 -1.197696 
0.881371 -1.100564 
-0.250139 -1.374021 
-0.981905 -0.655306 
0.398173 -1.283331 
1.048788 -0.485272 
-0.854666 -1.135634 
0.729220 -1.095820 
1.035087 -0.724259 
0.857488 -0.902675 
0.975836 -1.005433 
-0.528163 -1.205578 
-0.530244 -1.330393 
0.975161 -1.118745 
-0.882817 -1.179011 
1.058434 -0.469612 
0.015661 -1.425607 
0.945897 -0.727105 
-0.137851 -1.162670 
-0.566877 -1.382461 
1.145821 -0.350141 
1.283945 -0.013373 
0.977397 -0.962208 
-1.301351 -0.517554 
1.036296 -0.659885 
1.312577 -0.703878 
1.053309 -1.028943 
1.173931 -0.368067 
-0.420391 -1.406358 
0.495976 -1.173666 
0.532541 -1.291710 
1.209173 -0.456106 
1.278255 -0.419773 
-0.498485 -1.414685 
-0.131890 -1.419606 
0.662846 -0.944040 
0.541988 -1.366584 
1.368406 -0.178069 
0.756805 -0.891435 
0.965518 -0.852924 
-0.574876 -1.132932 
-0.003674 -1.288205 
-1.044445 -0.933594 
0.881040 -1.172991 
0.958702 -0.719904 
0.486683 -1.141456 
-0.044597 -1.366719 
0.378916 -1.303157 
1.152517 -0.375262 
0.751385 -1.043166 
0.284085 -1.345603 
-0.705559 -0.929971 
0.936143 -0.714137 
-0.427349 -1.400647 
-1.397457 -0.259639 
-0.388031 -1.288181 
1.257425 -0.587706 
1.131712 -0.978694 
-1.140481 -0.928373 
-1.155173 -0.521984 
-0.776658 -1.092346 
0.064656 -1.271833 
-0.665408 -1.015044 
1.235009 -0.696790 
1.167726 -0.496496 
-0.091387 -1.313914 
1.204858 -0.081517 
-0.887566 -0.756170 
-0.619329 -1.083287 
-1.183389 -0.151681 
1.182710 -0.406164 
-0.461094 -1.111673 
-1.236277 -0.103806 
-0.827326 -1.012772 
-0.174142 -1.272215 
-1.034279 -0.507207 
-1.233881 -0.333252 
-1.200080 -0.346642 
-0.547963 -1.214259 
1.083807 -0.683037 
0.175568 -1.260251 
0.575270 -1.233076 
1.219060 -0.217607 
0.299589 -1.369572 
0.026867 -1.320476 
-1.192291 -0.889735 
-1.240223 -0.452389 
1.242353 -0.373332 
-1.079814 -0.622406 
1.199955 -0.175451 
-1.195863 -0.179354 
-0.840427 -1.200488 
-0.823338 -1.066241 
-1.221183 -0.164823 
1.443109 -0.021112 
0.787580 -1.265746 
-1.174756 -0.737888 
-0.991109 -1.089706 
-0.246433 -1.335035 
-0.958706 -0.770617 
-0.290309 -1.425303 
-1.357348 -0.302797 
-0.335629 -1.298857 
-0.659918 -1.243477 
-1.158743 -0.551632 
1.118484 -0.944211 
1.074808 -0.902222 
0.576471 -1.208895 
1.271479 -0.172343 
-0.377733 -1.438700 
0.224666 -1.267707 
1.111531 -0.480342 
-1.293810 -0.022583 
-1.181088 -0.355315 
0.705215 -1.235617 
0.538478 -1.395844 
-1.173059 -0.698721 
-0.743571 -1.152783 
0.943384 -0.892920 
-0.533461 -1.117784 
-1.004347 -0.941974 
-1.097416 -0.917388 
-1.364025 -0.603229 
1.217854 -0.478978 
-1.257606 -0.664600 
-1.128524 -0.480438 
0.080613 -1.217804 
1.326842 -0.591954 
0.206440 -1.459932 
1.259733 -0.240623 
-0.287520 -1.405148 
0.792077 -0.890485 
-1.140866 -0.505128 
1.226270 -0.049656 
1.425062 -0.292419 
1.247393 -0.096146 
-1.059829 -0.544329 
-1.156876 -0.628931 
1.266290 -0.699783 
-1.237613 -0.808846 
-0.741256 -0.921850 
-0.587852 -1.183540 
0.108025 -1.368036 
-1.183867 -0.516081 
0.975764 -1.041596 
1.193591 -0.668104 
-1.169017 -0.257010 
1.070101 -0.963340 
-1.095690 -0.734113 
-1.431398 -0.176347 
-0.917156 -0.838161 
-0.913756 -1.022637 
1.203196 -0.416668 
1.008085 -0.850671 
1.238690 -0.342896 
1.372777 -0.164019 
0.797594 -0.955244 
-1.334303 -0.168995 
-1.312352 -0.050190 
1.002667 -0.605103 
-0.361078 -1.145046 
0.353349 -1.284119 
0.097854 -1.365195 
-0.976966 -0.776631 
0.540618 -1.221655 
-1.193116 -0.334651 
0.817947 -0.998864 
-1.268646 -0.790200 
0.707101 -0.913626 
-1.284999 -0.769476 
-0.519122 -1.401200 
0.196299 -1.323302 
1.027422 -0.986729 
-0.183422 -1.235749 
-0.535740 -1.043072 
1.246764 -0.390066 
-0.116695 -1.272116 
-0.208860 -1.454483 
-1.446815 -0.028245 
0.661876 -1.171805 
-0.976550 -1.025776 
-1.163341 -0.028982 
1.366620 -0.407705 
-0.416737 -1.270934 
-0.048461 -1.357370 
0.966841 -0.700963 
-1.191336 -0.059452 
1.187265 -0.232822 
0.951243 -0.786422 
-0.276053 -1.340366 
-0.926866 -0.705921 
1.323273 -0.437472 
-0.086907 -1.451365 
-1.285555 -0.581598 
0.635062 -0.993830 
0.764746 -0.908670 
0.970372 -0.663482 
0.952042 -1.050840 
1.374259 -0.519631 
1.095248 -0.802376 
1.145513 -0.361517 
0.264448 -1.238358 
0.993208 -0.651119 
0.945139 -1.122038 
0.845404 -0.876954 
1.411526 -0.429600 
-0.246089 -1.242641 
-0.276693 -1.144544 
0.822117 -1.086095 
0.355474 -1.360288 
-1.192743 -0.180424 
0.179835 -1.168462 
1.176631 -0.514054 
0.146440 -1.322415 
0.410528 -1.380294 
1.113660 -0.929003 
0.750368 -1.084289 
-1.333233 -0.608598 
1.245857 -0.273613 
-0.371640 -1.181180 
0.727191 -0.893022 
1.364229 -0.372876 
-0.322329 -1.188306 
1.281977 -0.141170 
-1.464613 -0.087462 
0.038908 -1.151398 
0.786618 -0.956880 
-1.419139 -0.191036 
0.951702 -1.154872 
-1.254428 -0.729071 
0.386006 -1.109495 
-1.169547 -0.129185 
1.290735 -0.365804 
-0.849799 -1.164116 
-0.645844 -1.155117 
-1.140677 -0.415964 
-1.392378 -0.056366 
1.174553 -0.832798 
-1.462189 -0.058639 
0.689646 -0.995793 
-1.408438 -0.084775 
0.883241 -0.852910 
-1.249793 -0.765893 
0.870483 -1.215881 
0.206153 -1.198057 
1.206328 -0.540838 
0.106163 -1.368400 
1.091263 -0.805586 
-1.307165 -0.417671 
1.253550 -0.199374 
-1.357189 -0.228444 
-1.034680 -0.833182 
-1.083891 -0.761365 
-0.790669 -0.959699 
-1.319907 -0.376483 
0.285735 -1.313810 
1.348441 -0.250975 
0.348807 -1.348260 
1.300129 -0.526541 
1.150012 -0.255161 
1.277730 -0.761501 
-1.273341 -0.752126 
-0.232802 -1.199311 
1.045372 -1.025459 
0.267970 -1.179946 
-1.136515 -0.296875 
1.114343 -0.299350 
0.608469 -1.280840 
-1.062503 -0.829636 
0.059274 -1.308435 
0.708130 -1.142653 
-1.155447 -0.126953 
-0.969864 -1.083176 
0.267974 -1.468930 
0.087657 -1.167521 
-0.606197 -1.119477 
0.016173 -1.163173 
0.640153 -0.968830 
-0.344671 -1.377893 
-1.227260 -0.221082 
0.397145 -1.300149 
1.412850 -0.336484 
-1.188757 -0.276257 
-1.354320 -0.149764 
0.956555 -0.722311 
-0.976538 -0.782364 
0.941375 -0.917632 
0.088807 -1.450780 
0.027634 -1.370535 
-1.080478 -0.878439 
-1.047451 -0.767108 
0.091246 -1.260116 
-0.752575 -1.291014 
-0.316558 -1.200698 
-1.244923 -0.406010 
0.621702 -1.267674 
-1.006079 -0.594902 
1.116670 -0.328981 
-0.639336 -1.284697 
0.204963 -1.178773 
-0.927523 -0.761424 
-1.180718 -0.438657 
1.331218 -0.272325 
-0.617226 -1.109116 
1.352414 -0.370293 
-0.693738 -1.049870 
1.427746 -0.456738 
-1.441947 -0.308575 
0.204404 -1.363184 
0.718501 -1.004904 
0.442485 -1.241378 
-0.786127 -0.848249 
0.634775 -1.174190 
1.358206 -0.036860 
1.265014 -0.232126 
0.645882 -1.300367 
0.246011 -1.446231 
0.852436 -0.878957 
0.039227 -1.354756 
0.363997 -1.316928 
-0.637783 -1.327172 
0.734106 -1.092916 
-0.462937 -1.158549 
0.360990 -1.173703 
1.466124 -0.125544 
-1.233212 -0.761838 
1.395818 -0.267460 
-0.560483 -1.227906 
1.278829 -0.039786 
0.500418 -1.259814 
1.004867 -1.021210 
-1.475037 -0.018757 
0.301668 -1.358395 
-0.999122 -0.707969 
-1.402635 -0.204053 
-1.370484 -0.149910 
1.386759 -0.316930 
-0.301600 -1.123607 
-0.606946 -0.988964 
1.149916 -0.279613 
1.112614 -0.407390 
0.856348 -1.127527 
1.189183 -0.895996 
0.791205 -0.892338 
-0.139753 -1.490476 
-0.235832 -1.352351 
-0.476557 -1.190218 
-1.065508 -0.474396 
0.597955 -1.088428 
1.243088 -0.337884 
0.894597 0.479090 
0.836626 0.540135 
1.855159 0.982728 
2.410516 1.021271 
2.643185 0.487639 
1.198874 0.756141 
1.788551 1.019807 
2.118463 0.869920 
2.979587 0.582003 
1.946581 1.028924 
0.473964 0.376703 
2.869189 0.648587 
1.977598 1.106632 
1.027137 0.794693 
0.852283 0.756129 
3.136719 -0.023827 
2.515197 0.874031 
2.479713 0.786713 
3.086994 0.205883 
1.986560 1.177823 
2.647549 0.605225 
1.396442 1.051374 
0.668724 0.514575 
2.877444 0.369971 
0.649580 0.222452 
1.817292 1.116186 
0.509432 0.125016 
2.345090 0.832575 
2.868153 0.685312 
2.259986 0.941650 
2.928790 0.547056 
2.333228 0.908721 
1.923042 0.938077 
3.035266 0.065545 
0.566261 -0.048659 
0.485897 0.190118 
1.262141 0.750204 
3.092696 0.264297 
2.051553 0.997196 
1.850955 0.931083 
2.004750 0.911766 
2.170109 0.964672 
2.542225 0.584040 
0.582833 -0.121728 
2.435599 0.737662 
1.308102 0.922031 
1.327404 0.901214 
1.119955 0.766484 
2.856469 0.537574 
0.607898 0.376139 
3.120380 -0.012310 
2.693397 0.584809 
1.887692 1.063596 
1.045992 0.853774 
1.139584 0.762489 
2.971015 0.140830 
0.361632 -0.103219 
1.344226 0.770053 
2.725293 0.592792 
3.090417 0.030273 
0.494546 -0.206699 
2.569734 0.895766 
3.198546 0.098663 
1.551103 0.862322 
0.441627 0.204300 
2.061124 0.867822 
3.270117 -0.019549 
2.398220 0.793057 
3.042072 -0.212608 
1.190391 0.899367 
1.153477 0.976473 
1.668259 1.095768 
2.985372 -0.263359 
3.078182 0.226759 
1.159093 0.821444 
1.029079 0.612224 
2.595748 0.823317 
3.057481 -0.115330 
3.195585 0.217265 
2.531950 0.861128 
2.891162 0.314307 
1.177320 0.719809 
1.086535 0.714320 
2.323202 0.967391 
1.451486 1.050419 
0.720338 0.719253 
0.544052 -0.276873 
2.284107 0.941645 
2.900151 0.547540 
1.971591 0.935572 
2.760501 0.479452 
0.567747 -0.182083 
2.327784 0.788755 
2.847367 0.484803 
2.625238 0.766920 
0.833669 0.392610 
2.529822 0.610584 
1.873389 1.044998 
3.093446 0.174109 
3.103130 -0.214353 
3.075219 0.253807 
0.795046 0.782152 
1.362534 0.926385 
0.915761 0.528311 
0.505287 -0.270632 
2.975319 0.337889 
2.540857 0.729323 
3.155464 -0.175340 
2.055069 1.040722 
2.213653 1.035379 
0.693523 0.299496 
1.108927 0.892651 
0.727225 0.558718 
0.460450 -0.173207 
0.513915 0.240406 
1.119773 0.885964 
2.934702 0.069973 
0.375157 -0.190716 
3.019415 -0.189829 
1.075583 0.717995 
3.036911 0.133687 
2.584178 0.749855 
2.209361 0.823360 
3.160512 0.020990 
3.100720 -0.274876 
0.587925 -0.219753 
1.596237 0.930857 
0.796207 0.462889 
2.088309 0.985077 
0.656344 0.404706 
0.729797 0.651898 
2.819594 0.618371 
1.523861 0.929849 
0.813438 0.499488 
2.598409 0.751378 
0.681082 0.076383 
1.741385 0.932117 
2.197063 0.936770 
3.091652 0.170022 
3.058301 0.399367 
0.334667 -0.250157 
0.787727 0.519306 
3.056859 -0.241483 
0.737512 0.743334 
2.845647 0.368477 
0.712081 0.399883 
1.234775 0.779705 
0.433919 0.152200 
1.008811 0.889493 
1.113124 0.988766 
1.807664 0.934041 
2.606957 0.898282 
2.556625 0.807275 
2.617147 0.576172 
1.927594 0.879820 
3.003196 -0.085140 
1.522712 1.048314 
2.935967 0.258456 
1.449523 1.127167 
1.912534 1.173718 
3.271144 -0.210341 
2.862336 0.202858 
0.537704 0.094801 
3.111041 -0.085626 
1.100086 0.908320 
2.346189 0.754431 
1.194445 0.800082 
1.042943 0.730840 
2.971048 -0.207461 
1.772537 0.858228 
2.954311 0.431861 
3.039359 0.013921 
2.052041 0.912156 
0.708385 0.499492 
0.767175 0.688618 
2.998329 0.090914 
2.997849 0.527987 
3.070997 -0.259158 
2.528742 0.999000 
1.936058 1.050049 
2.813753 0.748004 
2.817559 0.342899 
0.892366 0.605376 
2.921380 0.132071 
0.981989 0.706900 
2.774819 0.550149 
0.407648 -0.059801 
1.457127 0.999635 
1.022645 0.680360 
0.737806 0.531585 
1.760962 0.925746 
0.599614 -0.048371 
0.409283 0.175610 
0.973530 0.918570 
1.141994 0.755274 
1.279425 0.754724 
2.769092 0.321366 
1.746002 0.975604 
3.068994 -0.139536 
1.764458 0.917922 
1.031616 0.880199 
3.115430 -0.246048 
3.176019 -0.235342 
1.324055 0.805667 
3.145178 0.336244 
0.516094 0.013599 
2.976822 0.549354 
2.949605 0.422259 
1.181048 1.007044 
2.468129 0.743707 
1.610168 1.165783 
2.639357 0.942312 
2.193195 0.911847 
1.254659 0.884392 
2.942258 0.522609 
2.678660 0.645778 
2.433767 0.684205 
2.606005 0.768214 
0.338070 -0.161682 
2.165674 0.940389 
1.454535 1.116077 
0.913601 0.573170 
0.441924 0.216290 
2.843781 0.547739 
1.744254 1.104869 
2.450481 0.713141 
2.016748 1.140571 
2.834063 0.208999 
3.185154 0.227714 
1.799943 1.197661 
0.733537 0.290693 
0.550389 0.091737 
0.589887 0.479238 
1.993170 0.838228 
0.929227 0.778333 
2.688633 0.489903 
0.757883 0.293873 
2.790132 0.457715 
2.887556 0.266205 
1.365490 0.986902 
3.284647 -0.201576 
0.337991 0.033076 
2.907768 0.531928 
2.733823 0.543629 
0.634515 0.605639 
2.307051 0.807841 
2.243251 0.858149 
2.753024 0.774896 
3.164613 -0.003183 
0.660140 0.412315 
1.748008 1.163840 
2.953606 -0.122637 
0.584315 0.513653 
1.917023 1.146829 
0.400588 -0.121080 
1.440175 0.797649 
3.273010 -0.152152 
0.806276 0.776914 
3.075592 -0.040451 
2.995226 -0.295745 
3.011753 0.012675 
1.933260 1.054554 
0.626703 -0.189479 
2.657241 0.877100 
3.011646 0.262782 
0.961862 0.682913 
2.565831 0.702980 
3.116297 -0.015251 
2.965320 0.400596 
2.194840 1.091341 
2.831914 0.477595 
3.007922 0.082629 
3.065949 0.321910 
1.876442 0.905413 
0.389024 0.034471 
2.044635 0.916009 
0.570165 0.474987 
2.578628 0.714580 
1.489524 0.982551 
2.697155 0.804273 
0.981532 0.649299 
2.745696 0.611669 
1.100758 0.915991 
1.843897 0.914440 
1.285585 0.934970 
0.459061 -0.167056 
3.065112 0.454074 
3.023184 0.385574 
0.786707 0.753854 
2.898378 0.266352 
2.033233 1.167509 
2.046356 0.959571 
1.038150 0.835998 
0.735270 0.219011 
3.208077 -0.060415 
0.661399 0.195362 
0.882929 0.507855 
2.988368 0.349554 
1.040192 0.828884 
1.055578 0.752358 
0.392923 -0.115525 
2.489902 0.725421 
3.242184 0.037777 
3.249602 -0.074587 
1.194290 0.737197 
2.211160 0.795498 
1.707319 0.885967 
2.578115 0.649427 
0.512640 0.453528 
0.615986 -0.202915 
1.716576 0.906833 
0.849366 0.531738 
2.927586 0.215691 
0.851535 0.375876 
0.657589 -0.121954 
2.599860 0.821026 
1.610616 0.991231 
1.508324 0.859858 
1.087624 0.900721 
2.299208 0.774788 
1.756737 1.003543 
0.661726 0.178577 
2.033050 0.920484 
0.610342 0.099229 
2.617839 0.748437 
3.006676 0.053150 
2.565319 0.783793 
2.205150 0.785016 
2.707997 0.764080 
0.928034 0.744404 
3.087379 0.320171 
1.668675 1.183235 
0.588198 0.193665 
2.550241 0.946301 
2.908209 0.490332 
2.894515 0.329397 
2.235725 1.076516 
2.109366 0.858433 
1.975354 1.083935 
0.393889 -0.254022 
2.544472 0.680395 
1.390240 0.845066 
0.518119 0.251596 
1.157376 0.810814 
0.461850 -0.163064 
1.875692 1.141179 
0.338580 -0.141718 
2.139423 1.016960 
2.721779 0.447631 
2.890210 0.419140 
0.779982 0.670682 
2.697295 0.638198 
2.751256 0.837500 
1.380623 1.118696 
1.770762 1.121578 
3.047971 -0.030271 
0.629114 -0.262579 
2.986092 0.596040 
2.705182 0.827996 
1.009299 0.790149 
2.921020 0.645935 
0.689912 0.660834 
3.120814 0.008876 
2.929028 0.591030 
2.796836 0.721854 
0.534683 0.178280 
1.504018 0.901565 
3.000089 0.382407 
2.378081 0.936452 
0.928696 0.808340 
0.479498 0.277619 
1.869611 1.111386 
2.280822 0.961432 
0.632449 0.555655 
1.359494 0.970224 
1.156911 0.921820 
3.065031 -0.081688 
1.213865 0.876133 
1.806231 0.954180 
1.663000 1.003200 
1.704607 1.168839 
0.467435 -0.197790 
1.490850 1.005885 
0.422939 0.283435 
1.714090 1.042013 
0.643729 0.615792 
2.953743 0.609035 
0.864634 0.435210 
2.992191 -0.229084 
1.737202 1.067869 
0.330354 -0.018603 
2.714618 0.755032 
2.169914 0.971679 
0.642524 0.173999 
1.732914 1.037826 
2.430283 0.699422 
2.601666 0.755928 
3.035965 0.249653 
2.799268 0.555934 
1.971314 0.921093 
3.096314 0.412606 
0.763954 0.507996 
0.477675 0.403654 
2.845965 0.247366 
2.310074 0.894704 
1.517753 1.142572 
3.014569 -0.191204 
2.818969 0.782511 
1.163352 0.994322 
3.004523 0.478370 
0.624992 0.127774 
1.085791 0.994106 
2.875167 0.695326 
2.278078 1.110568 
3.179808 -0.215322 
0.881116 0.574330 
1.702512 0.918606 
1.633228 1.172526 
2.938198 0.475412 
1.021957 0.666266 
0.348480 0.064971 
2.366223 0.822016 
0.567058 0.525934 
2.144187 0.998266 
0.942681 0.611532 
0.335730 -0.178796 
2.662457 0.733025 
2.557223 0.828895 
2.456293 0.946532 
0.728285 0.171581 
2.290559 0.789496 
3.094101 -0.182706 
2.781836 0.357038 
1.419321 0.935873 
1.772669 1.021794 
2.841276 0.592153 
1.375257 0.822491 
1.289883 0.937670 
2.375900 0.718096 
3.102213 -0.103641 
0.875742 0.607040 
1.819587 0.945843 
1.527712 1.018874 
2.371111 0.997778 
2.360144 0.950712 
0.392790 0.152580 
3.228825 -0.006015 
2.736160 0.527624 
2.148338 0.898448 
1.161934 0.874000 
1.213295 1.044319 
0.907865 0.474330 
0.776526 0.440405 
0.840101 0.687966 
2.848792 0.508145 
3.120419 0.088697 
2.968616 0.184322 
2.109867 1.055217 
1.922559 1.139738 
3.067350 0.167251 
2.796779 0.707683 
2.953735 0.397621 
0.371700 0.048438 
1.990964 0.987024 
1.056950 0.861224 
0.414379 0.268009 
2.748205 0.435442 
2.975703 -0.194134 
3.202423 -0.273979 
0.658234 -0.015991 
2.633614 0.826316 
0.579171 0.198947 
0.847194 0.393142 
2.914859 0.627503 
2.632552 0.833775 
1.746069 1.023116 
3.079411 0.482882 
1.828370 1.099487 
3.205866 -0.096120 
2.464328 0.948676 
0.627249 0.507736 
1.115809 0.904754 
2.373231 1.046793 
0.763373 0.566066 
2.873269 0.310935 
0.627729 -0.299064 
2.536310 0.713823 
1.086626 0.818196 
2.171664 1.140993 
1.649530 0.910037 
3.012516 0.191074 
2.847601 0.724072 
2.918505 0.218716 
2.882437 0.280295 
2.987732 -0.228316 
3.108763 0.198164 
1.833366 1.175833 
3.066507 -0.256314 
3.071702 0.306087 
0.883698 0.399786 
